246 531
803 1599
679 1355
701 1427
125 294
855 1721
716 1423
285 600
851 1687
536 1114
516 1079
533 1085
208 465
915 1803
364 741
336 693
790 1579
68 178
616 1220
740 1479
199 425
957 1905
243 511
392 803
471 989
729 1448
115 278
747 1483
337 721
687 1423
418 853
982 1952
981 1950
293 610
695 1439
819 1679
579 1182
586 1201
681 1395
36 118
770 1580
996 1979
41 129
774 1529
687 1420
823 1656
537 1113
382 800
503 1053
130 299
980 1963
151 346
147 327
975 1932
250 549
92 222
799 1610
264 573
50 143
19 85
358 760
343 716
978 1937
729 1465
115 269
29 106
253 549
932 1894
772 1537
265 574
572 1160
255 553
5 59
528 1089
546 1141
670 1370
239 518
27 103
270 568
271 567
186 409
596 1207
984 1972
772 1550
378 766
673 1348
915 1861
861 1723
740 1456
99 237
18 82
419 844
596 1210
124 288
516 1063
98 242
700 1441
306 655
53 153
34 115