18 324 5832.0 104976.0 34 1156 39304.0 1336336.0 1
43 1849 79507.0 3418801.0 18 324 5832.0 104976.0 1
31 961 29791.0 923521.0 17 289 4913.0 83521.0 0
18 324 5832.0 104976.0 16 256 4096.0 65536.0 0
4 16 64.0 256.0 15 225 3375.0 50625.0 0
45 2025 91125.0 4100625.0 13 169 2197.0 28561.0 1
12 144 1728.0 20736.0 45 2025 91125.0 4100625.0 1
2 4 8.0 16.0 38 1444 54872.0 2085136.0 0
27 729 19683.0 531441.0 22 484 10648.0 234256.0 0
35 1225 42875.0 1500625.0 28 784 21952.0 614656.0 1
12 144 1728.0 20736.0 31 961 29791.0 923521.0 0
13 169 2197.0 28561.0 23 529 12167.0 279841.0 0
22 484 10648.0 234256.0 33 1089 35937.0 1185921.0 1
30 900 27000.0 810000.0 2 4 8.0 16.0 0
40 1600 64000.0 2560000.0 22 484 10648.0 234256.0 1
24 576 13824.0 331776.0 14 196 2744.0 38416.0 0
37 1369 50653.0 1874161.0 8 64 512.0 4096.0 0
41 1681 68921.0 2825761.0 48 2304 110592.0 5308416.0 1
43 1849 79507.0 3418801.0 25 625 15625.0 390625.0 1
29 841 24389.0 707281.0 15 225 3375.0 50625.0 0
43 1849 79507.0 3418801.0 34 1156 39304.0 1336336.0 1
24 576 13824.0 331776.0 2 4 8.0 16.0 0
5 25 125.0 625.0 17 289 4913.0 83521.0 0
30 900 27000.0 810000.0 14 196 2744.0 38416.0 0
5 25 125.0 625.0 36 1296 46656.0 1679616.0 0
44 1936 85184.0 3748096.0 16 256 4096.0 65536.0 1
34 1156 39304.0 1336336.0 42 1764 74088.0 3111696.0 1
45 2025 91125.0 4100625.0 14 196 2744.0 38416.0 1
28 784 21952.0 614656.0 38 1444 54872.0 2085136.0 1
3 9 27.0 81.0 11 121 1331.0 14641.0 0
42 1764 74088.0 3111696.0 0 0 0.0 0.0 0
36 1296 46656.0 1679616.0 47 2209 103823.0 4879681.0 1
45 2025 91125.0 4100625.0 42 1764 74088.0 3111696.0 1
1 1 1.0 1.0 36 1296 46656.0 1679616.0 0
26 676 17576.0 456976.0 27 729 19683.0 531441.0 1
5 25 125.0 625.0 29 841 24389.0 707281.0 0
22 484 10648.0 234256.0 11 121 1331.0 14641.0 0
17 289 4913.0 83521.0 17 289 4913.0 83521.0 0
39 1521 59319.0 2313441.0 8 64 512.0 4096.0 0
27 729 19683.0 531441.0 13 169 2197.0 28561.0 0
30 900 27000.0 810000.0 19 361 6859.0 130321.0 0
16 256 4096.0 65536.0 29 841 24389.0 707281.0 0
10 100 1000.0 10000.0 22 484 10648.0 234256.0 0
47 2209 103823.0 4879681.0 6 36 216.0 1296.0 1
26 676 17576.0 456976.0 23 529 12167.0 279841.0 0
19 361 6859.0 130321.0 0 0 0.0 0.0 0
23 529 12167.0 279841.0 37 1369 50653.0 1874161.0 1
4 16 64.0 256.0 25 625 15625.0 390625.0 0
44 1936 85184.0 3748096.0 8 64 512.0 4096.0 1
32 1024 32768.0 1048576.0 2 4 8.0 16.0 0
41 1681 68921.0 2825761.0 42 1764 74088.0 3111696.0 1
27 729 19683.0 531441.0 11 121 1331.0 14641.0 0
4 16 64.0 256.0 40 1600 64000.0 2560000.0 0
2 4 8.0 16.0 18 324 5832.0 104976.0 0
33 1089 35937.0 1185921.0 13 169 2197.0 28561.0 0
35 1225 42875.0 1500625.0 46 2116 97336.0 4477456.0 1
45 2025 91125.0 4100625.0 25 625 15625.0 390625.0 1
6 36 216.0 1296.0 45 2025 91125.0 4100625.0 1
46 2116 97336.0 4477456.0 41 1681 68921.0 2825761.0 1
16 256 4096.0 65536.0 18 324 5832.0 104976.0 0
35 1225 42875.0 1500625.0 3 9 27.0 81.0 0
40 1600 64000.0 2560000.0 42 1764 74088.0 3111696.0 1
10 100 1000.0 10000.0 38 1444 54872.0 2085136.0 0
16 256 4096.0 65536.0 15 225 3375.0 50625.0 0
43 1849 79507.0 3418801.0 31 961 29791.0 923521.0 1
36 1296 46656.0 1679616.0 15 225 3375.0 50625.0 1
23 529 12167.0 279841.0 9 81 729.0 6561.0 0
13 169 2197.0 28561.0 34 1156 39304.0 1336336.0 0
31 961 29791.0 923521.0 49 2401 117649.0 5764801.0 1
6 36 216.0 1296.0 26 676 17576.0 456976.0 0
15 225 3375.0 50625.0 28 784 21952.0 614656.0 0
14 196 2744.0 38416.0 8 64 512.0 4096.0 0
15 225 3375.0 50625.0 21 441 9261.0 194481.0 0
24 576 13824.0 331776.0 46 2116 97336.0 4477456.0 1
20 400 8000.0 160000.0 3 9 27.0 81.0 0
1 1 1.0 1.0 7 49 343.0 2401.0 0
39 1521 59319.0 2313441.0 10 100 1000.0 10000.0 0
30 900 27000.0 810000.0 44 1936 85184.0 3748096.0 1
12 144 1728.0 20736.0 28 784 21952.0 614656.0 0
5 25 125.0 625.0 20 400 8000.0 160000.0 0
1 1 1.0 1.0 22 484 10648.0 234256.0 0
32 1024 32768.0 1048576.0 27 729 19683.0 531441.0 1
26 676 17576.0 456976.0 4 16 64.0 256.0 0
0 0 0.0 0.0 16 256 4096.0 65536.0 0
9 81 729.0 6561.0 44 1936 85184.0 3748096.0 1
35 1225 42875.0 1500625.0 1 1 1.0 1.0 0
2 4 8.0 16.0 49 2401 117649.0 5764801.0 1
1 1 1.0 1.0 27 729 19683.0 531441.0 0
29 841 24389.0 707281.0 48 2304 110592.0 5308416.0 1
19 361 6859.0 130321.0 10 100 1000.0 10000.0 0
29 841 24389.0 707281.0 2 4 8.0 16.0 0
20 400 8000.0 160000.0 24 576 13824.0 331776.0 0
21 441 9261.0 194481.0 25 625 15625.0 390625.0 0
39 1521 59319.0 2313441.0 25 625 15625.0 390625.0 1
41 1681 68921.0 2825761.0 39 1521 59319.0 2313441.0 1
47 2209 103823.0 4879681.0 36 1296 46656.0 1679616.0 1
46 2116 97336.0 4477456.0 11 121 1331.0 14641.0 1
16 256 4096.0 65536.0 42 1764 74088.0 3111696.0 1
47 2209 103823.0 4879681.0 6 36 216.0 1296.0 1
24 576 13824.0 331776.0 42 1764 74088.0 3111696.0 1