58 86 1
50 67 1
16 6 0
89 10 1
63 80 1
47 79 1
26 64 1
60 40 1
22 59 0
25 87 1
25 81 1
62 30 1
3 41 0
62 41 1
65 35 1
96 77 1
53 96 1
75 62 1
63 32 1
17 58 0
66 61 1
79 23 1
95 56 1
92 85 1
84 28 1
14 77 1
61 71 1
11 48 0
16 17 0
74 58 1
84 5 1
6 67 0
90 60 1
82 86 1
18 16 0
59 81 1
36 8 0
91 81 1
66 77 1
29 10 0
53 80 1
6 22 0
87 78 1
54 87 1
69 35 1
28 97 1
4 36 0
46 98 1
34 98 1
13 27 0
33 41 0
54 59 1
71 26 1
78 52 1
91 75 1
18 43 0
64 14 0
64 8 0
53 41 1
46 11 0
81 43 1
50 26 0
58 74 1
72 60 1
10 46 0
97 28 1
30 82 1
56 93 1
58 11 0
83 23 1
48 32 0
5 21 0
97 12 1
88 47 1
43 85 1
76 89 1
93 3 1
11 32 0
71 18 1
73 77 1
40 96 1
85 86 1
60 57 1
89 96 1
44 82 1
51 58 1
1 26 0
81 17 1
55 71 1
92 55 1
68 57 1
19 74 1
83 12 1
44 70 1
68 65 1
90 3 1
65 33 1
8 18 0
7 0 0
26 50 0