83 6889 11 121 0
32 1024 6 36 0
66 4356 3 9 0
27 729 16 256 0
5 25 21 441 0
76 5776 56 3136 0
76 5776 25 625 0
4 16 68 4624 0
78 6084 69 4761 0
89 7921 71 5041 0
85 7225 7 49 0
2 4 7 49 0
65 4225 64 4096 0
74 5476 83 6889 0
74 5476 40 1600 0
83 6889 29 841 0
13 169 78 6084 0
46 2116 1 1 0
11 121 57 3249 0
86 7396 71 5041 0
17 289 24 576 0
2 4 61 3721 0
88 7744 93 8649 1
18 324 44 1936 0
4 16 8 64 0
44 1936 41 1681 0
1 1 52 2704 0
78 6084 94 8836 1
92 8464 59 3481 0
5 25 5 25 0
18 324 50 2500 0
39 1521 14 196 0
34 1156 86 7396 0
69 4761 74 5476 0
2 4 97 9409 0
20 400 83 6889 0
3 9 74 5476 0
12 144 44 1936 0
19 361 75 5625 0
42 1764 0 0 0
4 16 41 1681 0
76 5776 79 6241 0
17 289 54 2916 0
86 7396 25 625 0
97 9409 74 5476 1
35 1225 50 2500 0
52 2704 89 7921 0
0 0 33 1089 0
63 3969 68 4624 0
91 8281 75 5625 1
53 2809 17 289 0
46 2116 67 4489 0
85 7225 3 9 0
34 1156 82 6724 0
8 64 13 169 0
15 225 56 3136 0
64 4096 6 36 0
37 1369 60 3600 0
86 7396 96 9216 1
33 1089 12 144 0
88 7744 51 2601 0
92 8464 20 400 0
45 2025 72 5184 0
61 3721 95 9025 0
20 400 26 676 0
35 1225 2 4 0
93 8649 74 5476 1
50 2500 38 1444 0
23 529 16 256 0
8 64 38 1444 0
47 2209 3 9 0
3 9 39 1521 0
36 1296 82 6724 0
80 6400 49 2401 0
99 9801 80 6400 1
12 144 38 1444 0
60 3600 68 4624 0
85 7225 72 5184 0
49 2401 88 7744 0
63 3969 11 121 0
55 3025 55 3025 0
66 4356 75 5625 0
41 1681 8 64 0
46 2116 10 100 0
79 6241 9 81 0
92 8464 26 676 0
89 7921 69 4761 0
13 169 18 324 0
38 1444 43 1849 0
84 7056 60 3600 0
19 361 55 3025 0
89 7921 33 1089 0
70 4900 52 2704 0
19 361 37 1369 0
79 6241 69 4761 0
12 144 56 3136 0
94 8836 90 8100 1
68 4624 56 3136 0
48 2304 42 1764 0
81 6561 36 1296 0