55 31 204
848 38 2555
939 20 2780
523 6 1600
40 44 152
213 19 653
701 8 2119
109 3 364
264 42 794
727 8 2222
520 15 1545
214 29 670
858 25 2580
576 34 1759
231 26 718
912 1 2690
375 44 1155
540 0 1672
592 41 1801
243 0 773
629 42 1895
704 48 2081
122 34 405
407 25 1247
477 27 1467
561 46 1668
808 25 2369
707 9 2122
171 46 544
231 40 725
556 2 1659
353 5 1073
584 33 1725
666 33 2029
443 1 1335
428 6 1321
185 18 585
120 3 393
605 22 1814
684 32 2028
221 4 711
185 3 582
857 9 2625
564 28 1682
510 30 1548
48 20 181
645 40 1974
277 12 856
393 0 1208
459 0 1393
548 2 1631
322 39 967
967 26 2852
245 43 755
308 9 973
334 32 999
487 23 1457
206 3 665
377 0 1180
338 10 1016
1 45 41
594 32 1798
117 25 385
419 40 1298
805 23 2379
722 37 2143
461 9 1410
666 26 1990
878 47 2598
593 8 1774
176 10 555
505 42 1537
675 32 2019
165 2 541
769 30 2276
441 7 1343
570 23 1736
928 39 2724
544 21 1601
136 26 445
575 31 1720
254 4 790
24 18 111
244 1 749
759 24 2297
173 42 556
242 0 753
332 30 1029
387 26 1168
887 32 2648
97 24 322
858 16 2601
361 14 1096
458 6 1361
791 9 2409
158 44 504
878 2 2606
611 39 1796
684 14 2067
336 25 1047