模型评估报告
==================================================

计算的准确度: 0.9760

详细分类报告:
==================================================
              precision    recall  f1-score   support

        数字 0       0.98      0.99      0.99       980
        数字 1       0.99      0.99      0.99      1135
        数字 2       0.99      0.96      0.98      1032
        数字 3       0.96      0.99      0.98      1010
        数字 4       0.97      0.98      0.97       982
        数字 5       0.99      0.96      0.97       892
        数字 6       0.98      0.98      0.98       958
        数字 7       0.97      0.97      0.97      1028
        数字 8       0.96      0.97      0.97       974
        数字 9       0.98      0.95      0.96      1009

    accuracy                           0.98     10000
   macro avg       0.98      0.98      0.98     10000
weighted avg       0.98      0.98      0.98     10000


混淆矩阵:
==================================================
[[ 973,    1,    1,    0,    0,    0,    3,    1,    1,    0],
 [   0, 1126,    0,    1,    0,    0,    2,    1,    4,    1],
 [   4,    2,  995,    5,    1,    0,    1,    7,   17,    0],
 [   1,    0,    1,  999,    0,    1,    0,    3,    4,    1],
 [   0,    0,    2,    0,  963,    1,    6,    1,    0,    9],
 [   3,    0,    0,   23,    1,  853,    4,    1,    5,    2],
 [   3,    3,    1,    1,    5,    3,  941,    0,    1,    0],
 [   1,    4,    6,    2,    5,    0,    0, 1001,    3,    6],
 [   5,    0,    2,    2,    4,    1,    3,    5,  947,    5],
 [   4,    1,    0,    4,   18,    4,    0,   13,    3,  962]]